Material:
  Type: 1
  Name: Phong Test2
  DiffuseColor: [1, 0.33755273, 0.33755273, 1]
  AmbientColor: [0, 0, 0, 1]
  DiffuseTexture: 0